0 0.83659 0.86426 0.06771 0.06836 0.80664 0.83529 2 0.82422 0.83984 2 0.85319 0.86426 2 0.83398 0.88216 2 0.81315 0.85091 2 0.83464 0.86133 2 0.85449 0.88639 2 0.86361 0.89030 2
0 0.38053 0.42464 0.07227 0.05371 0.34896 0.44596 2 0.35742 0.42676 2 0.38346 0.40690 2 0.39518 0.42773 2 0.36654 0.44010 2 0.37891 0.42188 2 0.40299 0.41016 2 0.40788 0.40365 2
0 0.67171 0.37174 0.08691 0.04883 0.71289 0.38802 2 0.69336 0.38997 2 0.64811 0.37533 2 0.66081 0.35872 2 0.69727 0.37630 2 0.67122 0.37435 2 0.64290 0.35742 2 0.63607 0.35417 2
0 0.35645 0.66276 0.04362 0.08984 0.34505 0.70378 2 0.34115 0.68750 2 0.34928 0.64551 2 0.37240 0.65039 2 0.35645 0.69206 2 0.35547 0.66341 2 0.36263 0.63086 2 0.36328 0.62435 2
0 0.07357 0.90495 0.05859 0.06771 0.05273 0.93099 1 0.05078 0.92122 2 0.06706 0.89225 2 0.08984 0.90885 2 0.06315 0.93197 2 0.07031 0.90820 2 0.08919 0.88607 2 0.09375 0.88021 2
0 0.12581 0.31445 0.07780 0.05469 0.09180 0.33659 2 0.10221 0.31901 2 0.12598 0.29980 2 0.14258 0.32096 2 0.11198 0.33398 2 0.12500 0.31510 2 0.14974 0.30143 2 0.15495 0.29329 2
0 0.76107 0.06152 0.08724 0.03841 0.80078 0.05729 2 0.78809 0.06348 2 0.74642 0.07324 2 0.74479 0.04688 2 0.78646 0.04948 2 0.76237 0.05924 2 0.73242 0.06087 2 0.72461 0.06380 2
0 0.20622 0.27490 0.06283 0.05632 0.19336 0.25000 1 0.19434 0.26139 2 0.21029 0.27669 2 0.20312 0.29753 2 0.17904 0.25977 2 0.19043 0.28060 2 0.22331 0.28516 2 0.22982 0.28027 2
0 0.05566 0.68555 0.04102 0.08464 0.04753 0.72396 2 0.04329 0.70736 2 0.04102 0.67383 2 0.06836 0.67448 2 0.05762 0.71029 2 0.05469 0.68685 2 0.05534 0.65918 2 0.05404 0.65039 2
0 0.37370 0.14567 0.04557 0.06152 0.35905 0.11784 2 0.37174 0.12923 2 0.39062 0.14258 2 0.36784 0.15885 2 0.35645 0.13509 2 0.37109 0.14551 2 0.38314 0.16309 2 0.38835 0.16829 2
0 0.71712 0.76855 0.09440 0.03841 0.67383 0.77018 2 0.69466 0.76497 2 0.73438 0.75521 2 0.73633 0.77995 2 0.69466 0.78190 2 0.71875 0.76986 2 0.75098 0.76530 2 0.75553 0.76042 2
0 0.63493 0.95312 0.08431 0.03646 0.67220 0.94922 2 0.66211 0.96094 2 0.62435 0.96484 2 0.62598 0.93913 2 0.65951 0.94596 2 0.63672 0.95443 2 0.60710 0.95312 2 0.59961 0.95085 2
0 0.20866 0.45410 0.03841 0.07617 0.22005 0.42025 2 0.21940 0.44141 2 0.21940 0.46419 2 0.19336 0.45964 2 0.20312 0.43359 2 0.20443 0.45312 2 0.20378 0.47689 2 0.20443 0.48535 2
0 0.91536 0.05892 0.08594 0.03581 0.87695 0.06250 2 0.89616 0.04915 2 0.92611 0.04395 2 0.92708 0.07031 2 0.89779 0.06348 2 0.91602 0.05664 2 0.94173 0.05632 2 0.94987 0.05762 2
0 0.27734 0.70833 0.08594 0.03776 0.31510 0.71810 2 0.30143 0.72201 2 0.25977 0.71745 2 0.26042 0.69401 2 0.30534 0.70736 2 0.27734 0.70703 2 0.24674 0.70703 2 0.24089 0.71354 2
0 0.77474 0.94564 0.09375 0.04102 0.81771 0.94857 1 0.80436 0.95866 2 0.75977 0.95964 2 0.75911 0.93294 2 0.80632 0.94466 2 0.77865 0.94661 2 0.74251 0.94727 2 0.73405 0.95378 2
0 0.07096 0.12126 0.03581 0.05501 0.06283 0.14421 2 0.05924 0.12044 2 0.06055 0.10938 2 0.08366 0.11296 2 0.07910 0.12793 2 0.07194 0.11556 2 0.07324 0.10319 1 0.07194 0.09863 2
0 0.41943 0.98112 0.07389 0.03776 0.38672 0.96777 2 0.41113 0.97266 2 0.43555 0.97721 2 0.42188 0.99870 2 0.40202 0.98438 2 0.42188 0.98893 2 0.44271 0.98861 1 0.44694 0.98730 2
0 0.61296 0.00977 0.05729 0.01953 0.59147 0.99870 1 0.60417 0.00228 2 0.63021 0.99870 1 0.62240 0.01628 2 0.59180 0.00846 2 0.61882 0.00846 2 0.63574 0.00684 1 0.63737 0.00553 1
0 0.58333 0.01742 0.04232 0.03483 0.59147 0.99870 1 0.60417 0.00228 2 0.63021 0.99870 1 0.62240 0.01628 2 0.59180 0.00846 2 0.61882 0.00846 2 0.63574 0.00684 1 0.63737 0.00553 1
